,A,B,C,D,E,F,G,H,I,J,K,L,M,N
A,1.0,-0.13428486392706226,0.03884291765917314,-0.03650635789467012,-0.017810144857882508,-0.0348703121004191,-0.0593903639854804,-0.12870868034200048,-0.06126522418818746,0.046910117143443286,0.056096877082432994,0.010546755688041087,0.11289259260778667,-0.1209012882877748
B,-0.13428486392706226,1.0,0.0684665961794623,0.41438754329947064,0.1048223754169717,0.34565345141243886,0.08607252824938333,0.08524951227919676,0.06690563358561728,-0.1716475003162168,-0.061531527622538586,0.15702088455421445,0.1675910724656317,0.02917808668252822
C,0.03884291765917314,0.0684665961794623,1.0,0.013995388842801812,0.9687363092104785,-0.07862398477644127,0.23784744847567763,0.26787005986587203,-0.006798584533860127,-0.4571980423401629,-0.11693419144069066,0.16356194167028576,-0.07710041324200827,0.12174762730121819
D,-0.03650635789467012,0.41438754329947064,0.013995388842801812,1.0,0.002307620503561235,0.9608102201719997,-0.089237915928396,0.039908241511752277,0.11453676673555488,-0.18236581257400106,-0.12345111611664006,-0.026060639575270675,0.04722611315966446,0.006031141581137311
E,-0.017810144857882508,0.1048223754169717,0.9687363092104785,0.002307620503561235,1.0,-0.10383297266921371,0.21850500414517066,0.3201420881990092,-0.029203938699056842,-0.425308821294427,-0.1262354968130222,0.15193132524169345,-0.08169870782072604,0.08963595195411131
F,-0.0348703121004191,0.34565345141243886,-0.07862398477644127,0.9608102201719997,-0.10383297266921371,1.0,-0.08181914035502692,-0.03248187423864135,0.07893342811512286,-0.1628151201438917,-0.1214365926231774,-0.04067379439502608,0.06106019540706507,0.016418336187306554
G,-0.0593903639854804,0.08607252824938333,0.23784744847567763,-0.089237915928396,0.21850500414517066,-0.08181914035502692,1.0,0.09507056033597476,0.06143102226711956,-0.32032670600100854,0.21989016189311794,0.24695669506823764,0.13482172221793828,0.2129398563886402
H,-0.12870868034200048,0.08524951227919676,0.26787005986587203,0.039908241511752277,0.3201420881990092,-0.03248187423864135,0.09507056033597476,1.0,0.09287846819532895,0.02603844464508047,-0.14256683372376203,0.03672101567275513,-0.15106430509764746,0.046233014348648904
I,-0.06126522418818746,0.06690563358561728,-0.006798584533860127,0.11453676673555488,-0.029203938699056842,0.07893342811512286,0.06143102226711956,0.09287846819532895,1.0,-0.0386472961940357,0.16469641760580042,-0.014911797029814636,0.06956075469043847,0.03302817835443915
J,0.046910117143443286,-0.1716475003162168,-0.4571980423401629,-0.18236581257400106,-0.425308821294427,-0.1628151201438917,-0.32032670600100854,0.02603844464508047,-0.0386472961940357,1.0,0.08832752631226332,-0.10953287124561305,-0.069946407530414,-0.05402379037501396
K,0.056096877082432994,-0.061531527622538586,-0.11693419144069066,-0.12345111611664006,-0.1262354968130222,-0.1214365926231774,0.21989016189311794,-0.14256683372376203,0.16469641760580042,0.08832752631226332,1.0,0.2558988911715522,0.3349479696357689,0.272030723269951
L,0.010546755688041087,0.15702088455421445,0.16356194167028576,-0.026060639575270675,0.15193132524169345,-0.04067379439502608,0.24695669506823764,0.03672101567275513,-0.014911797029814636,-0.10953287124561305,0.2558988911715522,1.0,0.18706147661031783,0.5031630997502882
M,0.11289259260778667,0.1675910724656317,-0.07710041324200827,0.04722611315966446,-0.08169870782072604,0.06106019540706507,0.13482172221793828,-0.15106430509764746,0.06956075469043847,-0.069946407530414,0.3349479696357689,0.18706147661031783,1.0,0.147155747913594
N,-0.1209012882877748,0.02917808668252822,0.12174762730121819,0.006031141581137311,0.08963595195411131,0.016418336187306554,0.2129398563886402,0.046233014348648904,0.03302817835443915,-0.05402379037501396,0.272030723269951,0.5031630997502882,0.147155747913594,1.0
